000000558840
000000200365
000000495357
000000116061
000000016164
000000205350
000000000074
000000212545
000000514915
000000154589
000000471175
000000225919
000000400728
000000194306
000000383780
000000580255
000000370210
000000075283
000000325969
000000251716
000000013882
000000185156
000000176697
000000376608
000000178939
000000173350
000000026654
000000346071
000000158497
000000408307
000000252203
000000263146
000000390348
000000395230
000000426342
000000155997
000000278435
000000047263
000000519838
000000283119
000000369190
000000458424
000000239985
000000151988
000000364010
000000205573
000000427639
000000233660
000000032054
000000153692
000000174871
000000037017
000000569729
000000378163
000000412764
000000098194
000000382406
000000070815
000000235126
000000079966
000000354537
000000004678
000000057936
000000560830
000000361022
000000373193
000000535483
000000555669
000000270744
000000351840
000000307993
000000145544
000000184771
000000187349
000000282134
000000378561
000000007125
000000386165
000000346965
000000559950
000000459566
000000537955
000000392659
000000020671
000000357542
000000057703
000000191280
000000424378
000000278550
000000209468
000000511463
000000236954
000000329011
000000176474
000000033405
000000049097
000000540449
000000504900
000000161141
000000210012
000000200023
000000272153
000000386968
000000374990
000000135116
000000534829
000000546642
000000210060
000000553436
000000106166
000000558671
000000276719
000000082312
000000026730
000000094140
000000521869
000000407286
000000201190
000000245462
000000532426
000000444576
000000106900
000000102735
000000518262
000000562645
000000326911
000000319055
000000135275
000000027519
000000397375
000000382668
000000133608
000000346560
000000283833
000000035489
000000186589
000000141538
000000216861
000000421569
000000316694
000000018783
000000162256
000000560373
000000016180
000000410016
000000544122
000000333018
000000043433
000000349642
000000103757
000000007394
000000032907
000000378482
000000166401
000000321522
000000069969
000000318464
000000243600
000000476925
000000241318
000000161112
000000459141
000000429807
000000080733
000000318361
000000042492
000000315923
000000045099
000000089999
000000461256
000000348838
000000556178
000000309071
000000402233
000000199575
000000559159
000000207072
000000005965
000000275270
000000353982
000000470313
000000543112
000000377867
000000561121
000000275781
000000403107
000000203085
000000225913
000000106172
000000043243
000000398606
000000453065
000000501294
000000444390
000000444199
000000118544
000000554625
000000328462
000000120535
000000103134
000000479950
000000494629
000000567254
000000277390
000000410627
000000554500
000000055295
000000183620
000000241350
000000290750
000000157944
000000085160
000000366406
000000373713
000000022208
000000015918
000000093894
000000319706
000000480591
000000113588
000000202273
000000475407
000000019608
000000469793
000000358765
000000551517
000000111099
000000269436
000000264659
000000069189
000000197915
000000152886
000000018750
000000056205
000000566038
000000064909
000000524361
000000265378
000000385473
000000469480
000000137490
000000268927
000000012547
000000175331
000000096514
000000297980
000000371958
000000071145
000000120977
000000433373
000000304447
000000360510
000000302292
000000474667
000000402333
000000310442
000000114239
000000292365
000000496402
000000269511
000000045208
000000074583
000000489344
000000559776
000000168834
000000578632
000000218924
000000031392
000000296871
000000207557
000000317715
000000483249
000000038769
000000508846
000000401614
000000068878
000000446409
000000226360
000000463825
000000007722
000000300732
000000137412
000000340004
000000350075
000000342817
000000437126
000000290868
000000441165
000000168543
000000546378
000000488387
000000265313
000000190326
000000248381
000000188651
000000254045
000000459598
000000341659
000000009170
000000526721
000000040414
000000146767
000000347879
000000458119
000000494345
000000574241
000000124462
000000540669
000000572075
000000565797
000000291412
000000227730
000000028903
000000279463
000000510150
000000411685
000000435316
000000283505
000000557451
000000554377
000000461775
000000574769
000000229740
000000171753
000000250951
000000465591
000000231846
000000130921
000000020307
000000479440
000000566717
000000076588
000000178299
000000371890
000000455365
000000196371
000000506151
000000145448
000000513585
000000264976
000000241876
000000036124
000000171809
000000243456
000000325356
000000063950
000000416668
000000536321
000000395290
000000581157
000000504167
000000189939
000000322353
000000003711
000000149184
000000040842
000000029587
000000254540
000000185773
000000198563
000000216664
000000030356
000000098302
000000184557
000000486501
000000549649
000000529968
000000288639
000000067164
000000129864
000000381323
000000143876
000000111970
000000041271
000000303099
000000051880
000000581402
000000426101
000000579008
000000434958
000000219492
000000344368
000000546210
000000092173
000000230151
000000214184
000000543686
000000280736
000000257036
000000307989
000000336372
000000570528
000000514668
000000230220
000000301014
000000258523
000000557239
000000194594
000000477791
000000193680
000000379869
000000027463
000000471251
000000333140
000000311531
000000127854
000000295051
000000475725
000000553698
000000470623
000000216428
000000437556
000000327177
000000271035
000000117891
000000285421
000000316008
000000546264
000000181963
000000325768
000000332159
000000489687
000000094536
000000071687
000000497443
000000194313
000000387478
000000281296
000000009801
000000002295
000000463066
000000333406
000000251639
000000072810
000000467675
000000075742
000000275219
000000215353
000000041322
000000022816
000000137803
000000157155
000000230615
000000190494
000000186822
000000129520
000000392364
000000400456
000000529344
000000017741
000000050411
000000327663
000000037675
000000138246
000000289949
000000097609
000000286813
000000218026
000000262394
000000561187
000000364113
000000483897
000000173530
000000101013
000000579463
000000347836
000000493641
000000511844
000000096420
000000139567
000000020779
000000197254
000000298762
000000578902
000000562232
000000006033
000000161603
000000487631
000000210883
000000460145
000000161079
000000185327
000000019157
000000193622
000000075216
000000173401
000000148055
000000149912
000000184613
000000512796
000000503008
000000142718
000000099908
000000554466
000000403432
000000195800
000000557016
000000153734
000000180362
000000459922
