000000264805
000000277542
000000040986
000000079754
000000173340
000000344498
000000092257
000000236023
000000107922
000000214463
000000214274
000000031442
000000004731
000000327529
000000146961
000000214046
000000235839
000000118450
000000022656
000000131804
000000328530
000000311902
000000175864
000000158292
000000520124
000000064155
000000083049
000000436273
000000264628
000000222564
000000533548
000000368402
000000337264
000000297787
000000058232
000000516805
000000014629
000000367128
000000298547
000000064474
000000190115
000000521906
000000242365
000000156320
000000374430
000000526186
000000389974
000000054133
000000387362
000000464831
000000175052
000000073861
000000311374
000000010149
000000581245
000000132644
000000334291
000000293148
000000110560
000000111076
000000483553
000000538092
000000215255
000000395463
000000136720
000000220607
000000367142
000000112915
000000386424
000000439971
000000025860
000000328757
000000035525
000000183393
000000009236
000000167724
000000362306
000000308506
000000195271
000000475043
000000505728
000000231450
000000327892
000000369259
000000346972
000000012946
000000449466
000000130909
000000450359
000000567636
000000347740
000000273470
000000130732
000000246106
000000191691
000000180718
000000066827
000000410350
000000544432
000000073009
000000545114
000000541897
000000279149
000000192554
000000089099
000000542570
000000344271
000000091263
000000447787
000000146276
000000454810
000000114790
000000528411
000000554445
000000295105
000000034212
000000159377
000000055375
000000332607
000000163167
000000459921
000000411564
000000325239
000000465463
000000157862
000000016590
000000390298
000000488822
000000382999
000000285882
000000381608
000000412151
000000497002
000000137830
000000577377
000000241645
000000337561
000000487338
000000027517
000000070744
000000404257
000000279491
000000025972
000000345960
000000312020
000000372191
000000097036
000000296859
000000086135
000000208991
000000541813
000000315173
000000397268
000000303768
000000109323
000000559312
000000479008
000000290070
000000178084
000000142386
000000415672
000000014635
000000467887
000000146112
000000288769
000000263687
000000293802
000000034445
000000561500
000000279948
000000120021
000000523217
000000246265
000000211690
000000118181
000000557339
000000370207
000000082462
000000205570
000000191301
000000254589
000000012754
000000014773
000000106228
000000140006
000000049428
000000536589
000000017244
000000017882
000000123360
000000536833
000000323528
000000015663
000000507249
000000535808
000000148282
000000258472
000000063619
000000377832
000000295403
000000291179
000000435937
000000308358
000000555622
000000453481
000000484028
000000267972
000000225784
000000390137
000000258112
000000203564
000000056752
000000183676
000000275441
000000509822
000000534736
000000120340
000000360767
000000079841
000000323564
000000199883
000000105647
000000131581
000000037209
000000347982
000000257236
000000495183
000000483108
000000246590
000000083045
000000065604
000000536444
000000430519
000000014821
000000241291
000000482742
000000043202
000000543193
000000337011
000000571970
000000334140
000000195510
000000325867
000000025853
000000528962
000000321107
000000145025
000000465692
000000353748
000000337120
000000298784
000000331366
000000274528
000000062109
000000139291
000000158795
000000171962
000000383777
000000252625
000000328818
000000123555
000000108838
000000434891
000000139011
000000154830
000000013296
000000259049
000000263961
000000012896
000000157416
000000215867
000000204360
000000124979
000000431113
000000317320
000000162763
000000353577
000000416523
000000147576
000000084540
000000552824
000000210522
000000087493
000000152543
000000506577
000000139969
000000348306
000000575254
000000219589
000000068381
000000000775
000000581394
000000292819
000000440284
000000237428
000000326168
000000467000
000000012993
000000260627
000000451944
000000061181
000000436350
000000205102
000000294918
000000239130
000000075923
000000101636
000000549386
000000418535
000000190447
000000520427
000000031092
000000535588
000000256505
000000416098
000000556205
000000459933
000000520524
000000252280
000000400658
000000508672
000000188146
000000561928
000000301724
000000151877
000000316063
000000093736
000000255232
000000014297
000000203912
000000330098
000000432623
000000297374
000000435444
000000004069
000000152176
000000377999
000000363927
000000242529
000000122302
000000388619
000000076942
000000005879
000000225686
000000225494
000000199158
000000204887
000000298540
000000189772
000000494014
000000299288
000000108679
000000314515
000000288923
000000456323
000000349689
000000135671
000000106739
000000450308
000000397665
000000264336
000000362343
000000223874
000000451559
000000184945
000000515289
000000282150
000000366111
000000028714
000000386279
000000234533
000000086448
000000565374
000000321886
000000140197
000000561806
000000450206
000000021711
000000438024
000000251124
000000406949
000000521197
000000192128
000000534784
000000452700
000000415904
000000032124
000000128119
000000532285
000000562150
000000320246
000000263828
000000320641
000000478858
000000187286
000000490847
000000227460
000000493846
000000462565
000000095474
000000117222
000000578016
000000221523
000000574280
000000010393
000000125655
000000136770
000000525058
000000314986
000000445309
000000158708
000000408143
000000154587
000000261870
000000258382
000000453138
000000254491
000000075001
000000049371
000000018666
000000391584
000000322922
000000416733
000000468953
000000387761
000000340998
000000279140
000000050481
000000044825
000000420081
000000001722
000000435387
000000071345
000000264599
000000448983
000000237568
000000484723
000000123289
000000021452
000000163412
000000287186
000000108531
000000170232
000000174043
000000522137
000000282130
000000469134
000000274773
000000178078
000000330455
000000488943
000000023879
000000212558
000000447119
000000146701
000000175570
000000411093
000000567944
000000355221
000000005205
000000578962
000000429042
000000550666
000000427561
000000064723
000000522262
000000535519
000000454642
000000093314
000000267802
000000360735
000000464515
000000400853
000000376628
000000414379
000000314907
000000497969
000000515056
000000207652
000000083935
000000153038
000000566456
000000239355
000000576650
000000270175
000000110081
000000568265
000000562356
000000012238
000000310553
000000030942
000000573214
000000250794
000000546388
000000563542
000000538242
000000301188
000000559665
000000448176
000000097434
000000498758
000000580613
000000540806
000000408449
000000573962
000000254919
000000195267
000000345071
000000081922
000000168890
000000525971
000000078537
000000385248
000000082673
000000241867
000000567171
000000325557
000000578099
000000413339
000000250540
000000016977
000000185360
000000096351
000000556345
000000451202
000000425280
000000537548
000000135666
000000470703
000000406253
000000495993
000000064088
000000037322
000000312341
000000342566
000000497504
000000349101
000000243825
000000540860
000000581401
000000559730
000000580704
000000412184
000000529004
000000048609
000000359715
000000172710
000000378502
000000296012
000000222370
000000461805
000000067078
000000281676
000000079024
000000150284
000000196490
000000331785
000000268556
000000436968
000000129587
000000206176
000000004355
000000199481
000000148526
000000553879
000000295945
000000122851
000000537206
000000336695
000000147386
000000315868
000000244539
000000249301
000000362240
000000263700
000000268539
000000080185
000000113559
000000176793
000000164515
000000089378
000000538792
000000147758
000000359451
000000034222
000000371365
000000561037
000000223335
000000080304
000000235000
000000375823
000000360573
000000184659
000000277073
000000327314
000000580108
000000138488
000000012343
000000198972
000000503108
000000142261
000000313733
000000271177
000000455610
000000046571
000000442962
000000349437
000000071384
000000384402
000000237626
000000278509
000000510340
000000298225
000000018426
000000455261
000000346259
000000365444
000000258021
000000423173
000000254493
000000523953
000000261603
000000183176
000000326368
000000213932
000000499802
000000050713
000000356623
000000033815
000000143582
000000215998
000000360342
000000457254
000000130564
000000154222
000000344125
000000171360
000000472233
000000332221
000000562592
000000504948
000000468508
000000205300
000000160190
000000471858
000000399545
000000004764
000000232262
000000239988
000000330604
000000478575
000000292505
000000115363
000000557552
000000020748
000000391895
000000503837
000000136572
000000171685
000000107960
000000201163
000000540869
000000338044
000000147979
000000449768
000000449879
000000241466
000000484279
000000370657
000000104647
000000490629
000000442136
000000550007
000000147068
000000025282
000000101172
000000107105
000000227224
000000044065
000000162114
000000561433
000000120810
000000464153
000000345560
000000153083
000000391637
000000555983
000000251252
000000401550
000000102746
000000464006
000000561054
000000012744
000000310103
000000281696
000000520326
000000175737
000000136833
000000224322
000000267112
000000407602
000000023821
000000360673
000000450674
000000235517
000000132901
000000169972
000000520941
000000568611
000000472160
000000451496
000000242673
000000457683
000000099389
000000253223
000000504811
000000341299
000000145019
000000379605
000000554459
000000566824
000000303101
000000167588
000000078627
000000390241
000000291606
000000062726
000000133503
000000044312
000000566576
000000385346
000000424464
000000243031
000000510169
000000072843
000000128262
000000564276
000000465418
000000411201
000000408621
000000019523
000000245818
000000540160
000000134010
000000568961
000000419790
000000419401
000000518197
000000301641
000000052661
000000403255
000000005394
000000139440
000000348140
000000305545
000000526622
000000246782
000000212122
000000131919
000000349199
000000194013
000000204805
000000063240
000000429924
000000100234
000000143908
000000085316
000000177069
000000521994
000000402514
000000103163
000000364079
000000203345
000000283216
000000560879
000000327514
000000392320
000000020342
000000118970
000000345507
000000139637
000000398992
000000292526
000000011340
000000337984
000000539124
000000267875
000000048419
000000430302
000000168775
000000519542
000000418816
000000221547
000000232511
000000354929
000000315196
000000341017
000000127788
000000418523
000000504452
000000208871
000000251901
000000395621
000000163333
000000004772
000000281766
000000289714
000000397514
000000217312
000000177338
000000148243
000000375892
000000525667
000000236148
000000456695
000000421952
000000480036
000000343692
000000117093
000000067823
000000000073
000000138755
000000277865
000000137330
000000318910
000000435745
000000569251
000000533201
000000398304
000000142129
000000027755
000000056580
000000385757
000000190515
000000046099
000000410855
000000574242
000000462341
000000464033
000000184703
000000049942
000000083844
000000294403
000000316183
000000081210
000000274418
000000057645
000000447613
000000310071
000000162429
000000432702
000000482590
000000486194
000000162362
000000563605
000000545735
000000459680
000000190951
000000061503
000000123570
000000127050
000000501875
000000025668
000000026573
000000065661
000000356920
000000546126
000000260247
000000088682
000000333314
000000361124
000000242510
000000150144
000000536027
000000560890
000000536725
000000415828
000000192154
000000527102
000000461248
000000340665
000000275161
000000089032
000000354572
000000528351
000000061602
000000437947
000000196742
000000429025
000000386707
000000124766
000000001146
000000530207
000000258680
000000317330
000000298197
000000479597
000000501919
000000033871
000000024391
000000304379
000000232073
000000534516
000000117037
000000519330
000000471641
000000044081
000000187791
000000448151
000000163289
000000118097
000000291202
000000363403
000000434415
000000363181
000000564404
000000106470
000000333756
000000552510
000000094745
000000087328
000000330954
000000331883
000000406555
000000283768
000000287190
000000442417
000000235864
000000372220
000000059547
000000010825
000000495377
000000278582
000000428754
000000225850
000000208517
000000103114
000000294853
000000482187
000000007256
000000203539
000000303626
000000560025
000000483374
000000304964
000000491223
000000535750
000000199404
000000480472
000000575921
000000172315
000000463203
000000268224
000000340034
000000531069
000000493509
000000190829
000000008594
000000272253
000000146078
000000393984
000000255248
000000345389
000000103806
000000287335
000000580388
000000329931
000000476335
000000032932
000000181446
000000135356
000000131661
000000353317
000000218205
000000125707
000000069914
000000087052
000000399879
000000465877
000000045434
000000009274
000000163755
000000010192
000000237759
000000266348
000000348087
000000178331
000000342387
000000104393
000000098493
000000347113
000000358302
000000579226
000000305472
000000011182
000000357944
000000110501
000000021198
000000324492
000000529159
000000561578
000000070321
000000429174
000000343708
000000176374
000000578848
000000535889
000000544522
000000377401
000000445567
000000548223
000000110026
000000351133
000000522425
000000488240
000000349590
000000370233
000000318022
000000020760
000000058079
000000303413
000000579468
000000549450
000000262228
000000255158
000000240918
000000442726
000000186697
000000511777
000000148668
000000518850
000000114183
000000133680
000000002139
000000565085
000000087588
000000062839
000000448243
000000384849
000000305101
000000312175
000000016285
000000332877
000000120961
000000328316
000000574825
000000257448
000000428769
000000272015
000000182423
000000193875
000000285742
000000317410
000000019451
000000572604
000000477500
000000097131
000000235380
000000142257
000000364243
000000511583
000000503765
000000243810
000000198775
000000217846
000000559270
000000232949
000000201496
000000115229
000000472598
000000279024
000000225014
000000404718
000000471097
000000315491
000000245013
000000394892
000000580829
000000495252
000000031519
000000179187
000000185373
000000299970
000000323919
000000269282
000000170393
000000325343
000000346904
000000223574
000000310391
000000488327
000000490638
000000282658
000000580041
000000027530
000000367336
000000069926
000000264330
000000058223
000000264718
000000068852
000000354724
000000198139
000000062200
000000187424
000000258674
000000459342
000000480225
000000046870
000000349344
000000054305
000000154854
000000160345
000000067956
000000124102
000000153803
000000050125
000000062251
000000466981
000000158466
000000307511
000000094610
000000408364
000000438560
000000231795
000000386189
000000318543
000000296243
000000332461
000000301634
000000216790
000000517973
000000315501
000000559252
000000111789
000000486521
000000235788
000000245383
000000365652
000000041570
000000068520
000000149669
000000019456
000000005802
000000143576
000000090732
000000391132
000000523400
000000163518
000000232654
000000020788
000000287560
000000152623
000000295303
000000222468
000000296459
000000195750
000000319579
000000298629
000000575964
000000177143
000000115370
000000543740
000000119709
000000193021
000000353510
000000195955
000000383703
000000053431
000000156846
000000505035
000000358629
000000058364
000000327436
000000115700
000000236717
000000372938
000000238147
000000290798
000000032760
000000186036
000000493610
000000217133
000000194184
000000435047
000000209782
000000246717
000000477470
000000209788
000000446799
000000014278
000000310121
000000254864
000000437432
000000369820
000000556616
000000352703
000000543408
000000540926
000000282346
000000455528
000000500019
000000130225
000000229643
000000203669
000000521495
000000451345
000000045976
000000354685
000000216096
000000363321
000000227265
000000457834
000000531967
000000199540
000000196280
000000393180
000000005247
000000337517
000000281315
000000120428
000000117759
000000212074
000000107304
000000273450
000000438258
000000095595
000000179930
000000151141
000000090255
000000412510
000000225963
000000538319
000000080131
000000058690
000000370209
000000525227
000000357743
000000186368
000000573223
000000136680
000000206260
000000077296
000000574138
000000208028
000000093791
000000276151
000000509811
000000214727
000000449279
000000267683
000000156324
000000291537
000000458750
000000210241
000000085247
000000062491
000000378276
000000041397
000000005476
000000422677
000000302159
000000148128
000000508605
000000550273
000000268059
000000142697
000000467297
000000150342
000000357096
000000359136
000000448759
000000204188
000000207969
000000369221
000000186074
000000544237
000000223157
000000067765
000000092678
000000319456
000000141197
000000162454
000000580870
000000307342
000000326088
000000145831
000000171371
000000463836
000000475593
000000490381
000000535506
000000543006
000000499198
000000117584
000000271560
000000216863
000000176519
000000477016
000000228604
000000441196
000000046736
000000278966
000000063565
000000040998
000000294209
000000530033
000000469719
000000561088
000000052087
000000150538
000000147958
000000401411
000000319221
000000149780
000000512166
000000075595
000000131539
000000070471
000000581886
000000085390
000000268943
000000012448
000000507273
000000271206
000000481113
000000478338
000000286662
000000055727
000000428263
000000571012
000000158421
000000250594
000000573843
000000134981
000000185201
000000091353
000000579003
000000102353
000000486400
000000456574
000000213978
000000495687
000000472078
000000321811
000000170630
000000170852
000000288528
000000147897
000000191687
000000348447
000000062423
000000235964
000000115930
000000066821
000000522418
000000434689
000000317639
000000254930
000000414578
000000169505
000000566321
000000407017
000000430791
000000042620
000000152111
000000399384
000000004554
000000067252
000000519479
000000511622
000000427476
000000089281
000000174145
000000276149
000000113590
000000494555
000000459400
000000544583
000000262672
000000410272
000000463398
000000268092
000000104751
000000229481
000000121849
000000362778
000000557923
000000223746
000000509192
000000121875
000000443640
000000540209
000000074135
000000491872
000000124210
000000352761
000000306404
000000498374
000000298578
000000306755
000000045016
000000369913
000000451412
000000150088
000000579696
000000050493
000000410319
000000071986
000000032258
000000289388
000000477919
000000107963
000000405648
000000104715
000000024386
000000026051
000000574672
000000536782
000000358191
000000168355
000000246004
000000262514
000000314880
000000054679
000000517793
000000215151
000000202653
000000381134
000000530631
000000091416
000000564163
000000248965
000000071306
000000319275
000000161567
000000103538
000000512667
000000502644
000000540556
000000181359
000000065057
000000006658
000000322031
000000109600
000000427118
000000384553
000000474119
000000357586
000000450357
000000315705
000000275015
000000170178
000000149571
000000318219
000000005713
000000387696
000000061233
000000347535
000000182715
000000273556
000000370462
000000244151
000000103413
000000339588
000000513129
000000048674
000000423769
000000578813
000000329957
000000118965
000000015810
000000180787
000000059171
000000319541
000000010463
000000352361
000000060623
000000391834
000000229067
000000497375
000000350099
000000276263
000000534122
000000350639
000000040109
000000039267
000000527060
000000468027
000000158922
000000131018
000000064342
000000576704
000000231644
000000000569
000000073738
000000093553
000000242189
000000426754
000000406500
000000056988
000000176275
000000165986
000000360434
000000539251
000000293964
000000431306
000000315018
000000182279
000000385508
000000295574
000000422517
000000399832
000000488755
000000101491
000000446053
000000204757
000000381551
000000428847
000000222313
000000040446
000000266853
000000555472
000000237777
000000209015
000000000764
000000071602
000000107541
000000049236
000000373988
000000220511
000000425727
000000122317
000000539565
000000119964
000000197775
000000323951
000000021924
000000409581
000000292648
000000343506
000000362219
000000523660
000000192079
000000346621
000000456223
000000447546
000000484432
000000441522
000000308543
000000250790
000000253579
000000140963
000000183905
000000172686
000000408071
000000434098
000000128392
000000354098
000000478175
000000391774
000000321706
000000171717
000000265628
000000032947
000000024061
000000079689
000000306159
000000449731
000000514537
000000227852
000000222343
000000135117
000000306140
000000507352
000000408859
000000562289
000000009668
000000320480
000000453485
000000134206
000000420697
000000041478
000000505385
000000455483
000000444270
000000051143
000000549171
000000103462
000000482784
000000274657
000000062483
000000069223
000000514416
000000510782
000000373140
000000103488
000000355575
000000325907
000000084762
000000365035
000000568502
000000256983
000000353409
000000249815
000000400247
000000280972
000000163479
000000455384
000000531324
000000562160
000000429497
000000358883
000000143221
000000077811
000000359277
000000355040
000000391011
000000507143
000000465324
000000307138
000000374017
000000310543
000000563175
000000022793
000000304749
000000059973
000000482382
000000432421
000000270918
000000451896
000000383445
000000493117
000000549399
000000095736
000000533026
000000359638
000000554433
000000003466
000000467742
000000504194
000000154419
000000445371
000000328368
000000488154
000000014108
000000216014
000000435134
000000483994
000000576136
000000477202
000000411187
000000138083
000000216051
000000069000
000000091612
000000466229
000000137595
000000019322
000000016377
000000337044
000000561780
000000071004
000000217082
000000326592
000000239048
000000281533
000000402626
000000236904
000000089188
000000444073
000000391139
000000179441
000000107542
000000412963
000000084980
000000581654
000000384007
000000515226
000000169800
000000423036
000000425555
000000563009
000000290521
000000096618
000000008351
000000070493
000000018148
000000502766
000000454576
000000430245
000000240537
000000284851
000000355234
000000497674
000000380828
000000178761
000000016730
000000357943
000000068005
000000286327
000000432038
000000023579
000000084530
000000062875
000000329687
000000521133
000000169347
000000506544
000000035894
000000490869
000000564301
000000151537
000000194420
000000334321
000000426247
000000467130
000000452158
000000334391
000000129187
000000531189
000000141086
000000035438
000000326937
000000178948
000000401163
000000062167
000000047367
000000284658
000000341006
000000441458
000000307332
000000578776
000000566027
000000561903
000000296056
000000388829
000000030611
000000163782
000000550013
000000007414
000000555298
000000176078
000000468487
000000499302
000000283910
000000523403
000000427133
000000198176
000000290269
000000328200
000000430867
000000053677
000000046345
000000156458
000000516422
000000580540
000000325374
000000131714
000000051844
000000490105
000000138599
000000444236
000000511236
000000363415
000000253964
000000121162
000000555763
000000128168
000000321885
000000471350
000000255096
000000523454
000000381021
000000499983
000000253036
000000258702
000000075344
000000395865
000000556901
000000255279
000000288336
000000170389
000000328780
000000358606
000000325385
000000079920
000000393777
000000094651
000000051628
000000302110
000000264660
000000369826
000000215002
000000434371
000000256180
000000083768
000000030707
000000551334
000000528098
000000074920
000000052132
000000124803
000000513073
000000472253
000000084936
000000156497
000000123842
000000363286
000000500568
000000191842
000000020161
000000386313
000000508656
000000053484
000000091617
000000476444
000000356528
000000291380
000000158384
000000533039
000000076310
000000470536
000000562851
000000126502
000000361948
000000355860
000000539791
000000393145
000000539226
000000306154
000000002142
000000352936
000000559051
000000527040
000000017095
000000391029
000000007325
000000092377
000000256250
000000412019
000000328433
000000321476
000000145426
000000483266
000000424219
000000327433
000000368442
000000040926
000000503660
000000532568
000000501116
000000134328
000000136008
000000336340
000000127259
000000126701
000000545959
000000457119
000000262323
000000411908
000000342649
000000106722
000000156974
000000324139
000000548296
000000536720
000000412693
000000467966
000000234057
000000458846
000000153184
000000193388
000000254172
000000418144
000000505733
000000467475
000000543713
000000316658
000000435569
000000300725
000000249325
000000413839
000000328661
000000484026
000000426629
000000467386
000000350341
000000088225
000000306229
000000425608
000000348991
000000068203
000000258285
000000092795
000000132578
000000182903
000000554958
000000397045
000000003067
000000148272
000000536154
000000501788
000000146981
000000385139
000000074268
000000115070
000000423513
000000171058
000000468411
000000084749
000000372983
000000475923
000000133707
000000271680
000000148968
000000272241
000000154057
000000488206
000000569249
000000448024
000000577526
000000030156
000000576191
000000046316
000000413650
000000379210
000000067106
000000090349
000000350133
000000219567
000000352196
000000109869
000000126324
000000233446
000000500859
000000469424
000000114726
000000228683
000000056373
000000412807
000000323128
000000104150
000000283028
000000228506
000000510515
000000045108
000000084124
000000309160
000000112770
000000233005
000000091334
000000449660
000000022129
000000559047
000000052925
000000181586
000000552395
000000552979
000000142719
000000371117
000000283904
000000381721
000000046877
000000096983
000000252617
000000148737
000000353149
000000548498
000000481911
000000258773
000000044823
000000301937
000000528786
000000432317
000000416960
000000084567
000000225792
000000514248
000000011320
000000143653
000000429697
000000027438
000000271138
000000335631
000000020608
000000574928
000000327872
000000276076
000000310082
000000354533
000000189885
000000193050
000000545867
000000039430
000000495332
000000509116
000000370609
000000489248
000000372501
000000456146
000000290570
000000468933
000000331816
000000485390
000000298186
000000471415
000000370266
000000353562
000000353695
000000091136
000000492658
000000387223
000000059393
000000152731
000000021088
000000190776
000000428067
000000162634
000000063973
000000345937
000000286920
000000243316
000000386227
000000434089
000000564098
000000503490
000000424289
000000245642
000000056267
000000548766
000000192894
000000571944
000000029094
000000271900
000000046418
000000181058
000000467978
000000513968
000000512545
000000557907
000000206933
000000032587
000000330676
000000249371
000000413260
000000451102
000000547338
000000263428
000000091899
000000139512
000000333286
000000200541
000000512938
000000558483
000000504256
000000579885
000000002164
000000286770
000000213739
000000375449
000000264506
000000407235
000000178994
000000442149
000000520812
000000233560
000000037457
000000489382
000000064116
000000517795
000000279824
000000318561
000000306363
000000561670
000000068050
000000024207
000000181065
000000375783
000000019253
000000366157
000000178435
000000034662
000000351620
000000055053
000000324710
000000437931
000000182984
000000545788
000000575958
000000503418
000000058933
000000421195
000000033830
000000333730
000000380756
000000373255
000000477085
000000480643
000000490708
000000070334
000000093887
000000468043
000000192247
000000442539
000000367610
000000436511
000000160820
000000199610
000000563381
000000557346
000000264737
000000442979
000000056504
000000213758
000000264909
000000486397
000000206381
000000091950
000000555687
000000337826
000000512879
000000086615
000000109888
000000274599
000000347179
000000152281
000000068291
000000338531
000000133098
000000211785
000000104676
000000239148
000000047566
000000112128
000000334542
000000298627
000000202387
000000410097
000000396410
000000389549
000000383039
000000147835
000000251094
000000359234
000000091488
000000488374
000000393928
000000259513
000000115069
000000539784
000000379156
000000299042
000000403885
000000185530
000000530731
000000361123
000000459487
000000251768
000000323116
000000065239
000000192479
000000290981
000000424799
000000099928
000000050304
000000434060
000000187411
000000334614
000000541274
000000305978
000000416385
000000316499
000000067208
000000183181
000000482597
000000250108
000000096711
000000313627
000000335065
000000160089
000000309528
000000044151
000000292945
000000502318
000000043344
000000069577
000000241124
000000565941
000000048044
000000553862
000000375450
000000396209
000000566364
000000472143
000000578347
000000315790
000000204507
000000277869
000000103035
000000354976
000000140307
000000383611
000000486457
000000332625
000000538255
000000233079
000000357819
000000109231
000000512830
000000038259
000000247477
000000575293
000000060548
000000173997
000000284954
000000017267
000000034866
000000331289
000000140908
000000190313
000000061897
000000029913
000000006019
000000208408
000000258860
000000062459
000000212663
000000426917
000000328352
000000224118
000000528729
000000447991
000000078488
000000000641
000000507187
000000429710
000000110881
000000028114
000000450263
000000035328
000000420882
000000572767
000000206684
000000143560
000000424641
000000357758
000000442582
000000401776
000000210982
000000559113
000000408047
000000126606
000000393578
000000073527
000000434410
000000270376
000000539075
000000505162
000000031019
000000093964
000000451228
000000156370
000000155270
000000277094
000000356263
000000102056
000000318200
000000402967
000000027611
000000370596
000000404792
000000356394
000000488573
000000242034
000000331386
000000411047
000000487688
000000147195
000000301574
000000121430
000000406329
000000333746
000000458338
000000579471
000000372706
000000355777
000000222771
000000567013
000000263664
000000555648
000000566249
000000422157
000000413096
000000366179
000000461123
000000508302
000000239997
000000354229
000000406647
000000078982
000000351369
000000377352
000000128833
000000106508
000000438811
000000302137
000000279097
000000242222
000000216618
000000182874
000000546687
000000503790
000000079392
000000333365
000000213649
000000386967
000000106661
000000231402
000000160031
000000508541
000000251098
000000226065
000000191474
000000319655
000000113828
000000087356
000000151733
000000347768
000000438364
000000133923
000000512334
000000552636
000000409921
000000257270
000000519676
000000386514
000000457322
000000422326
000000218134
000000064510
000000072776
000000331686
000000436162
000000491881
000000473936
000000444703
000000350736
000000353148
000000198495
000000317254
000000503707
000000225731
000000217009
000000562708
000000469996
000000226801
000000054039
000000496313
000000310473
000000235595
000000524533
000000107247
000000330408
000000263834
000000372413
000000393254
000000549119
000000392392
000000524992
000000432378
000000487450
000000219928
000000398148
000000088556
000000024343
000000271565
000000441453
000000145921
000000032284
000000028675
000000350860
000000262161
000000287305
000000237324
000000526401
000000278237
000000359182
000000519784
000000299593
000000034820
000000172478
000000373029
000000540187
000000575544
000000284160
000000419978
000000018158
000000342515
000000399905
000000488789
000000327919
000000207967
000000020784
000000449872
000000371005
000000320249
000000215287
000000543203
000000199951
000000355569
000000571821
000000370448
000000443868
000000283498
000000117458
000000042408
000000321516
000000492800
000000291394
000000151807
000000193424
000000132189
000000180541
000000108094
000000463084
000000246435
000000201887
000000324321
000000559171
000000346716
000000454129
000000056070
000000312559
000000543551
000000025433
000000260238
000000491793
000000308276
000000578270
000000018462
000000441245
000000060610
000000471868
000000343187
000000189773
000000482707
000000252911
000000363881
000000085956
000000309492
000000529813
000000033073
000000336384
000000547345
000000085913
000000577024
000000299649
000000525021
000000386032
000000264961
000000374987
000000073182
000000342490
000000244421
000000125870
000000051089
000000077628
000000435324
000000199492
000000383464
000000260199
000000205676
000000011887
000000397117
000000432333
000000183407
000000465424
000000160004
000000475529
000000244455
000000526711
000000453799
000000100978
000000198352
000000521221
000000571384
000000322285
000000437423
000000255036
000000127751
000000233527
000000051119
000000262006
000000140783
000000335119
000000524775
000000044801
000000287396
000000281534
000000030685
000000126659
000000477705
000000234239
000000028389
000000091636
000000408840
000000471488
000000151095
000000059666
000000157112
000000362714
000000357493
000000568972
000000387082
000000241728
000000247576
000000213687
000000275843
000000076595
000000491000
000000484301
000000399998
000000018366
000000181296
000000008181
000000172599
000000418701
000000476005
000000496680
000000244246
000000440928
000000225076
000000274083
000000484531
000000020273
000000139549
000000087435
000000175942
000000227940
000000182176
000000332653
000000222548
000000019025
000000149974
000000434693
000000319345
000000165572
000000293909
000000445606
000000087912
000000044718
000000303738
000000051167
000000485887
000000228306
000000240775
000000439657
000000439173
000000412757
000000487530
000000156503
000000186821
000000037181
000000271917
000000579036
000000229478
000000245162
000000220690
000000027969
000000107990
000000507927
000000197716
000000305480
000000009286
000000112372
000000394535
000000340778
000000279850
000000026209
000000483165
000000394131
000000556597
000000386908
000000303321
000000503238
000000117380
000000269975
000000101933
000000027642
000000449031
000000106375
000000217825
000000048786
000000087429
000000542803
000000109340
000000038180
000000069391
000000264121
000000436972
000000301453
000000321742
000000348092
000000159233
000000262594
000000047687
000000160456
000000504958
000000502927
000000267862
000000577398
000000530220
000000094319
000000490582
000000550529
000000523597
000000276323
000000140651
000000556349
000000079930
000000290170
000000542605
000000568107
000000421131
000000052624
000000421370
000000531061
000000466939
000000565031
000000435519
000000076257
000000331185
000000531234
000000498350
000000416864
000000049683
000000242870
000000100138
000000382554
000000148843
000000134537
000000395324
000000254571
000000071239
000000202040
000000316138
000000444209
000000101656
000000268259
000000492885
000000022420
000000422870
000000574357
000000418288
000000302710
000000487181
000000369791
000000084533
000000137586
000000087998
000000172439
000000060988
000000444926
000000315448
000000419265
000000450581
000000042805
000000131597
000000098656
000000138503
000000491169
000000190150
000000413822
000000055955
000000080737
000000046077
000000325836
000000370165
000000069670
000000394240
000000031984
000000573072
000000522198
000000026982
000000175831
000000250939
000000261999
000000279806
000000059532
000000564132
000000309862
000000150487
000000229317
000000568653
000000023741
000000032203
000000114147
000000391837
000000250730
000000126657
000000290231
000000218637
000000451471
000000204906
000000417400
000000157417
000000537611
000000067131
000000100896
000000174390
000000191117
000000263505
000000541783
000000207179
000000504498
000000196046
000000255004
000000168580
000000214369
000000562519
000000524887
000000014321
000000429633
000000241113
000000434581
000000140465
000000175024
000000174898
000000511145
000000088168
000000450182
000000470423
000000057323
000000267861
000000545978
000000240681
000000043613
000000116455
000000182734
000000351711
000000161202
000000005213
000000143737
000000363048
000000045110
000000495613
000000065001
000000112841
000000522232
000000134215
000000461588
000000312803
000000283380
000000474680
000000137369
000000377809
000000018490
000000506335
000000029776
000000431570
000000010104
000000315601
000000128978
000000205002
000000361386
000000322263
000000102497
000000580975
000000022671
000000388677
000000185922
000000141416
000000436559
000000139169
000000484450
000000115626
000000023369
000000443351
000000538230
000000053344
000000265069
000000116712
000000409970
000000475389
000000132084
000000477853
000000024396
000000492395
000000363272
000000240340
000000477688
000000579277
000000462026
000000291930
000000401068
000000542183
000000260409
000000478240
000000012370
000000223930
000000011538
000000098043
000000325958
000000127119
000000174313
000000512394
000000031965
000000484397
000000197683
000000191990
000000268725
000000184531
000000385428
000000374559
000000111409
000000327565
000000418346
000000265872
000000375554
000000369997
000000369763
000000049119
000000531735
000000361382
000000523371
000000529698
000000361964
000000039504
000000441841
000000015596
000000501315
000000117098
000000532671
000000359086
000000432309
000000081103
000000419777
000000282145
000000162867
000000391343
000000187857
000000115314
000000434467
000000544272
000000218476
000000555686
000000406734
000000131494
000000430546
000000049881
000000567683
000000544713
000000469840
000000144795
000000479378
000000185904
000000007253
000000374487
000000084447
000000220106
000000010954
000000061862
000000133002
000000378727
000000036761
000000390017
000000106810
000000142537
000000345160
000000344325
000000487428
000000394002
000000506471
000000177938
000000211189
000000120068
000000350874
000000089329
000000019443
000000566278
000000394773
000000135690
000000064240
000000387773
000000503135
000000052161
000000319487
000000542101
000000402328
000000019904
000000285192
000000071918
000000080260
000000110961
000000099425
000000192701
000000313093
000000514913
000000565635
000000078288
000000354132
000000344862
000000360899
000000142774
000000231855
000000304217
000000322604
000000115162
000000148531
000000078580
000000001342
000000192535
000000021496
000000475710
000000216867
000000497878
000000146659
000000552302
000000495311
000000280360
000000295765
000000052759
000000252844
000000168200
000000368978
000000160529
000000232931
000000022797
000000040485
000000246951
000000236535
000000570001
000000465664
000000553935
000000213412
000000183379
000000148077
000000525077
000000329573
000000282229
000000309434
000000207323
000000159983
000000522452
000000474788
000000008548
000000117543
000000224802
000000184359
000000169936
000000579484
000000036528
000000151081
000000515422
000000266070
000000381599
000000239992
000000173584
000000275761
000000504101
000000401221
000000179142
000000105465
000000426541
000000563127
000000340398
000000031446
000000283495
000000551650
000000116279
000000440124
000000328777
000000355370
000000293218
000000386585
000000219754
000000359278
000000309836
000000002881
000000498666
000000003035
000000338065
000000165937
000000042147
000000082994
000000008005
000000097790
000000505447
000000106140
000000267521
000000093703
000000381709
000000237060
000000561014
000000457054
000000545913
000000374886
000000225558
000000525371
000000162257
000000323418
000000441440
000000220255
000000333371
000000183306
000000308316
000000528069
000000448205
000000098523
000000278295
000000296265
000000438185
000000112800
000000368541
000000109045
000000399416
000000401783
000000424445
000000409119
000000152649
000000121089
000000260094
000000001525
000000560272
000000091667
000000051685
000000092963
000000137031
000000395849
000000204650
000000438704
000000231582
000000292171
000000525344
000000569705
000000127136
000000374060
000000149052
000000107582
000000488278
000000090387
000000080462
000000422807
000000005356
000000009426
000000419074
000000025685
000000378448
000000575198
000000313386
000000497096
000000440575
000000100404
000000015709
000000000472
000000515531
000000216115
000000478120
000000226419
000000028157
000000012471
000000360346
000000263346
000000279343
000000069584
000000311619
000000423767
000000539808
000000043678
000000008180
000000105552
000000097754
000000445643
000000540697
000000188077
000000046432
000000407826
000000104345
000000036478
000000053838
000000326517
000000049014
000000442688
000000051495
000000202573
000000395978
000000411630
000000321432
000000046011
000000232223
000000084474
000000118728
000000146986
000000167544
000000071123
000000436895
000000376177
000000515043
000000517128
000000067608
000000287830
000000137496
000000127668
000000579325
000000294247
000000030080
000000099518
000000483767
000000510942
000000304063
000000091236
000000210228
000000535322
000000173544
000000492067
000000399400
000000212351
000000501055
000000490294
000000150007
000000252582
000000180784
000000443737
000000247394
000000293011
000000161347
000000564911
000000315610
000000187989
000000403820
000000217783
000000360698
000000409052
000000579602
000000418606
000000548363
000000352151
000000298433
000000448288
000000315672
000000349868
000000018975
000000177101
000000460373
000000445295
000000437370
000000515854
000000192788
000000365623
000000023802
000000162998
000000188891
000000296996
000000061207
000000561100
000000001029
000000524202
000000579814
000000577783
000000085145
000000326582
000000078371
000000524186
000000136218
000000521472
000000349459
000000151347
000000266502
000000329562
000000054344
000000254104
000000042893
000000534669
000000224247
000000062741
000000353981
000000224595
000000402798
000000563295
000000541223
000000511469
000000036492
000000173737
000000246425
000000468525
000000351930
000000128461
000000170605
000000030044
000000377314
000000516174
000000308974
000000204611
000000423187
000000009699
000000075118
000000400507
000000344397
000000068457
000000287994
000000197226
000000029197
000000413734
000000520273
000000524011
000000095561
000000480605
000000053454
000000513882
000000309530
000000558677
000000119232
000000062685
000000272736
000000008888
000000298137
000000257833
000000135057
000000366031
000000371330
000000139168
000000396051
000000069196
000000262800
000000193389
000000411841
000000374383
000000318778
000000011347
000000364145
000000187680
000000298440
000000289173
000000494179
000000457687
000000541627
000000300066
000000233090
000000111830
000000455943
000000216133
000000285120
000000384114
000000370325
000000073450
000000393869
000000268944
000000392670
000000547431
000000368611
000000446113
000000443630
000000327186
000000265234
000000288002
000000078979
000000463781
000000042968
000000345329
000000500718
000000233882
000000396204
000000295076
000000478093
000000126876
000000320324
000000011525
000000408817
000000398385
000000235663
000000244299
000000547136
000000179311
000000371973
000000162939
000000283163
000000359303
000000287559
000000060849
000000027390
000000285114
000000218853
000000140826
000000255213
000000178189
000000064332
000000332502
000000022718
000000270136
000000490275
000000163361
000000503292
000000120806
000000255482
000000421169
000000262940
000000471562
000000327857
000000061624
000000389655
000000218224
000000274959
000000393410
000000490225
000000436280
000000572733
000000396673
000000279649
000000303603
000000253557
000000064629
000000070889
000000330079
000000077123
000000147418
000000074434
000000217039
000000140501
000000441752
000000347367
000000483475
000000378859
000000016241
000000445038
000000285681
000000112956
000000477700
000000392144
000000073634
000000426840
000000315191
000000474410
000000129989
000000428357
000000527644
000000414813
000000445561
000000406119
000000293153
000000511713
000000259421
000000345988
000000349804
000000473935
000000574785
000000062915
000000401003
000000061259
000000527510
000000550055
000000083235
000000306908
000000346759
000000347253
000000563067
000000326919
000000011374
000000484986
000000294030
000000501502
000000056736
000000325022
000000483182
000000057429
000000144064
000000392650
000000249482
000000150717
000000244487
000000120592
000000540816
000000393858
000000443450
000000414917
000000115178
000000189955
000000280271
000000254732
000000461017
000000184789
000000172851
000000102637
000000450483
000000263758
000000482777
000000331405
000000032766
000000373846
000000436456
000000134042
000000180953
000000048844
000000575896
000000527783
000000513615
000000547293
000000215815
000000512421
000000425303
000000183895
000000295242
000000109206
000000459502
000000293749
000000376996
000000067569
000000457684
000000304876
000000480223
000000163132
000000357829
000000072666
000000321424
000000144122
000000310407
000000180411
000000469492
000000100974
000000401330
000000041276
000000140565
000000116255
000000418106
000000513098
000000353551
000000578591
000000150410
000000497875
000000158801
000000233298
000000513681
000000067327
000000480133
000000427311
000000469130
000000448690
000000357899
000000185622
000000533805
000000399966
000000101270
000000465735
000000265584
000000314493
000000576582
000000362122
000000391006
000000371588
000000271266
000000500058
000000441695
000000128644
000000237735
000000141587
000000436385
000000277146
000000133279
000000537427
000000196681
000000560623
000000055432
000000159427
000000464181
000000042406
000000036196
000000266099
000000101088
000000253262
000000567053
000000067491
000000081505
000000527506
000000268371
000000156445
000000174284
000000423837
000000514321
000000487222
000000532338
000000555953
000000547790
000000421682
000000156126
000000552153
000000350073
000000570349
000000278760
000000353964
000000306936
000000420958
000000474215
000000239171
000000430750
000000184330
000000532390
000000298372
000000466347
000000416271
000000281827
